Rk,Team,G,MP,FG,FGA,FG%,3P,3PA,3P%,2P,2PA,2P%,FT,FTA,FT%,ORB,DRB,TRB,AST,STL,BLK,TOV,PF,PTS
1,Oklahoma City Thunder,49,11885,37.8,87.4,.432,14.3,38.5,.372,23.4,48.9,.479,17.3,23.0,.751,12.1,33.2,45.3,24.7,7.4,4.1,17.2,21.1,107.2
2,Detroit Pistons,47,11330,37.4,84.4,.443,12.6,36.2,.349,24.8,48.3,.514,22.3,28.2,.791,11.5,29.7,41.2,22.9,9.4,5.7,17.3,21.9,109.8
3,San Antonio Spurs,47,11305,41.1,90.0,.457,13.1,36.5,.359,28.0,53.5,.523,16.7,21.5,.777,10.5,32.7,43.2,26.3,7.7,4.5,13.7,21.1,112.0
4,Minnesota Timberwolves,49,11835,40.7,88.6,.459,12.1,34.4,.352,28.6,54.2,.528,18.9,24.4,.774,11.0,31.6,42.6,25.6,8.1,3.8,14.8,20.7,112.5
5,Houston Rockets,46,11215,41.6,90.5,.460,12.5,36.2,.344,29.2,54.3,.537,17.0,22.6,.756,11.5,28.7,40.2,25.1,9.1,4.9,13.8,21.3,112.8
6,Phoenix Suns,49,11785,40.7,87.3,.467,12.3,35.7,.346,28.4,51.5,.551,19.1,24.4,.785,12.3,31.7,44.0,25.2,8.6,4.3,17.2,19.7,112.9
7,Golden State Warriors,50,12050,41.5,88.3,.470,12.5,35.3,.354,29.0,52.9,.548,17.6,22.1,.797,11.5,33.1,44.6,26.6,8.4,4.1,16.1,19.1,113.2
8,Toronto Raptors,50,12100,40.2,86.7,.463,12.9,37.3,.345,27.3,49.4,.553,20.2,25.0,.805,11.0,32.7,43.7,24.8,8.1,5.3,15.8,19.7,113.3
9,Dallas Mavericks,48,11645,42.1,91.1,.463,11.6,34.8,.335,30.5,56.3,.541,17.5,22.5,.780,11.9,33.6,45.5,25.9,8.8,4.9,13.2,20.5,113.4
10,Miami Heat,49,11785,41.4,89.8,.461,13.3,38.1,.349,28.1,51.7,.544,17.3,21.4,.810,11.7,33.8,45.4,26.1,8.0,5.2,15.1,19.5,113.4
11,Boston Celtics,48,11570,40.4,90.5,.446,14.9,40.9,.363,25.5,49.6,.514,18.8,23.6,.794,12.0,32.1,44.1,26.6,6.2,4.5,14.2,19.6,114.4
12,Memphis Grizzlies,46,11090,41.6,89.9,.463,14.0,39.3,.356,27.6,50.5,.546,17.2,21.8,.787,11.6,32.7,44.4,26.4,8.6,5.0,14.5,19.9,114.4
13,New York Knicks,48,11520,40.6,88.0,.462,14.3,39.2,.365,26.3,48.7,.539,18.9,24.3,.780,10.4,32.0,42.3,25.2,7.3,4.7,14.6,19.8,114.5
14,Cleveland Cavaliers,50,12050,40.9,88.1,.464,13.8,36.7,.377,27.1,51.4,.526,19.1,23.9,.799,11.2,32.3,43.5,26.5,8.7,4.4,15.5,20.0,114.7
15,Philadelphia 76ers,47,11480,41.8,89.5,.468,12.7,36.0,.352,29.2,53.4,.546,18.7,24.0,.777,12.1,32.8,44.8,27.5,7.3,5.1,15.5,20.5,115.0
16,Atlanta Hawks,50,12050,41.8,88.0,.475,12.9,36.3,.354,29.0,51.7,.560,18.7,23.4,.797,11.4,34.0,45.4,26.7,8.7,4.9,15.5,17.7,115.2
17,Orlando Magic,47,11355,41.9,87.0,.482,12.0,32.8,.366,29.9,54.3,.552,19.4,24.7,.784,10.5,32.5,43.0,25.4,7.7,5.5,15.0,22.1,115.2
18,Portland Trail Blazers,49,11810,42.0,89.2,.471,12.5,35.6,.352,29.5,53.6,.549,19.5,24.4,.800,12.1,31.0,43.1,26.5,10.5,6.2,15.0,22.0,116.1
19,Charlotte Hornets,49,11835,43.2,91.0,.474,13.5,36.7,.367,29.7,54.3,.547,16.5,20.5,.802,10.6,29.7,40.3,27.8,8.5,4.6,12.8,20.9,116.3
20,Los Angeles Clippers,47,11355,42.4,90.6,.468,14.0,38.1,.366,28.5,52.5,.542,18.2,22.7,.802,11.9,31.7,43.6,27.2,9.4,4.9,14.2,20.4,117.0
21,Indiana Pacers,48,11570,42.4,87.7,.483,11.3,33.0,.344,31.0,54.7,.567,20.9,27.2,.768,10.9,35.6,46.6,25.0,7.4,4.6,13.9,20.7,117.0
22,Milwaukee Bucks,46,11090,41.7,89.2,.467,14.2,38.6,.367,27.5,50.6,.544,19.7,25.3,.778,11.2,34.3,45.6,27.4,8.4,4.1,13.8,18.8,117.2
23,Chicago Bulls,48,11570,43.2,91.2,.473,13.5,36.7,.369,29.7,54.5,.544,17.7,22.6,.784,10.6,33.3,43.9,27.3,8.4,5.3,12.1,18.3,117.6
24,Denver Nuggets,49,11860,43.1,92.1,.468,13.2,37.9,.348,29.9,54.2,.551,18.4,23.9,.769,12.1,31.8,43.9,27.2,7.6,4.7,12.2,21.5,117.7
25,Los Angeles Lakers,47,11280,43.2,89.1,.485,13.9,37.6,.370,29.3,51.5,.569,17.6,22.2,.791,11.0,30.3,41.2,27.9,9.0,3.7,14.8,21.8,118.0
26,Brooklyn Nets,47,11355,43.5,88.6,.491,13.1,34.1,.382,30.5,54.5,.559,18.2,23.2,.786,10.5,34.0,44.5,28.4,8.8,5.0,14.2,20.5,118.3
27,New Orleans Pelicans,50,12100,43.4,90.1,.481,14.6,40.7,.358,28.8,49.4,.583,18.2,23.3,.782,12.2,32.7,44.9,28.4,7.8,6.0,14.8,20.3,119.6
28,Sacramento Kings,50,12075,44.0,89.7,.491,12.7,35.9,.355,31.3,53.8,.582,19.7,25.2,.782,11.8,33.3,45.2,27.3,8.7,4.8,14.1,18.7,120.5
29,Washington Wizards,47,11330,43.6,91.9,.475,13.7,37.8,.362,29.9,54.1,.554,20.0,25.4,.791,13.2,33.9,47.0,28.3,9.7,5.6,13.2,16.9,121.0
30,Utah Jazz,49,11910,44.1,89.4,.493,15.5,40.9,.379,28.6,48.5,.589,20.2,25.9,.779,11.4,32.5,43.8,29.9,9.0,5.8,13.1,20.3,123.8